# Created by Octave 6.4.0, Tue Nov 05 09:17:30 2024 CST <ricardo@ricardo-OptiPlex-9020>
# name: states
# type: cell
# rows: 100
# columns: 2
# name: <cell-element>
# type: complex matrix
# rows: 4
# columns: 4
 (0.36238138574736212,0) (0.002512681523632908,-0.00070101558918373406) (0.018393421996713902,0.024295815268076656) (-0.035940636012251628,-0.12581775187671648)
 (0.002512681523632908,0.00070101558918373406) (0.26522721289457718,0) (-0.061489935753556976,0.002329437003344044) (0.031326405430531029,-0.019578175275078519)
 (0.018393421996713902,-0.024295815268076656) (-0.061489935753556976,-0.002329437003344044) (0.1459489107669677,0) (0.062660639200060556,0.085315290794672399)
 (-0.035940636012251628,0.12581775187671648) (0.031326405430531029,0.019578175275078519) (0.062660639200060556,-0.085315290794672399) (0.24254525153178935,0)


# name: <cell-element>
# type: complex matrix
# rows: 4
# columns: 4
 (0.44787158574306574,0) (-0.066671107282321299,0.053268327861910825) (-0.008656621030638724,-0.03708616271055247) (0.11571307253518298,0.033789561578153042)
 (-0.066671107282321299,-0.053268327861910825) (0.18410159694026934,0) (-0.031250406556449159,0.0041876273507729517) (0.086184421937964287,0.12263841478417219)
 (-0.008656621030638724,0.03708616271055247) (-0.031250406556449159,-0.0041876273507729517) (0.063259933366467971,0) (0.032854749539964354,-0.058267110644902448)
 (0.11571307253518298,-0.033789561578153042) (0.086184421937964287,-0.12263841478417219) (0.032854749539964354,0.058267110644902448) (0.30476688395019685,0)


# name: <cell-element>
# type: complex matrix
# rows: 4
# columns: 4
 (0.0082884693660161355,0) (-0.039492881693832305,0.030026362475004845) (-0.025939727920918833,0.030066702606779273) (-0.0018473527167016085,0.00019349536894682211)
 (-0.039492881693832305,-0.030026362475004845) (0.29720479175196812,0) (0.23271784734477902,-0.049332881384628949) (-0.00015886471826447954,-9.6462902574331028e-05)
 (-0.025939727920918833,-0.030066702606779273) (0.23271784734477902,0.049332881384628949) (0.19041190192426624,0) (-0.00010838271527502948,-0.00010190243959238239)
 (-0.0018473527167016085,-0.00019349536894682211) (-0.00015886471826447954,9.6462902574331028e-05) (-0.00010838271527502948,0.00010190243959238239) (0.50409483695774937,0)


# name: <cell-element>
# type: complex matrix
# rows: 4
# columns: 4
 (0.49986610768486645,0) (0.0077323026846399913,0.0096670745873898151) (0.016098647027321084,0.02451189129308361) (0.0053411090085138252,-0.0064165312612815134)
 (0.0077323026846399913,-0.0096670745873898151) (0.0037685109095219865,0) (0.0088885096140106316,0.00083383237886406432) (0.0080932038312734583,0.039528015241778958)
 (0.016098647027321084,-0.02451189129308361) (0.0088885096140106316,-0.00083383237886406432) (0.021149170456962036,0) (0.027834935750936922,0.091441096064057467)
 (0.0053411090085138252,0.0064165312612815134) (0.0080932038312734583,-0.039528015241778958) (0.027834935750936922,-0.091441096064057467) (0.47521621094864919,0)


# name: <cell-element>
# type: complex matrix
# rows: 4
# columns: 4
 (0.67181529962114683,0) (0.00037004985044423013,-3.470443101219301e-05) (1.4613558221213612e-05,0.00053812647654513451) (-0.070273348925189077,-0.0051278704322997625)
 (0.00037004985044423013,3.470443101219301e-05) (0.103515465196538,0) (-0.0099420289631285998,0.14959979048610514) (0.0034942309218630417,0.00058669007068099031)
 (1.4613558221213612e-05,-0.00053812647654513451) (-0.0099420289631285998,-0.14959979048610514) (0.21715539036327525,0) (0.0005122806193688051,-0.0051061848825420635)
 (-0.070273348925189077,0.0051278704322997625) (0.0034942309218630417,-0.00058669007068099031) (0.0005122806193688051,0.0051061848825420635) (0.007513844819039924,0)


# name: <cell-element>
# type: complex matrix
# rows: 4
# columns: 4
 (0.27447375093742299,0) (-0.0013824005982916467,-0.0093742662881888105) (0.0035446119764176434,-0.0026975297488141428) (0.04926936232426788,-0.0021317711121732587)
 (-0.0013824005982916467,0.0093742662881888105) (0.25867508045940385,0) (0.017464226440978978,0.040644223981325313) (0.00049863488302213238,-0.00477752146904679)
 (0.0035446119764176434,0.0026975297488141428) (0.017464226440978978,-0.040644223981325313) (0.11991618373220624,0) (-0.0018432096896718662,-0.0013371057359389221)
 (0.04926936232426788,0.0021317711121732587) (0.00049863488302213238,0.00477752146904679) (-0.0018432096896718662,0.0013371057359389221) (0.34690693148329854,0)


# name: <cell-element>
# type: complex matrix
# rows: 4
# columns: 4
 (0.25209820503170322,0) (-0.023766154559111508,-0.0065112481894874664) (0.029324083879251443,-0.045964950175868331) (0.011887974663124542,-0.0048671659383694877)
 (-0.023766154559111508,0.0065112481894874664) (0.10068712316830193,0) (-0.010498134276333134,-0.058601508202648166) (0.00072661317569463698,-0.00058522746260061484)
 (0.029324083879251443,0.045964950175868331) (-0.010498134276333134,0.058601508202648166) (0.060237272585587739,0) (-0.001675378030174565,-0.0011890358953180935)
 (0.011887974663124542,0.0048671659383694877) (0.00072661317569463698,0.00058522746260061484) (-0.001675378030174565,0.0011890358953180935) (0.58512158935796332,0)


# name: <cell-element>
# type: complex matrix
# rows: 4
# columns: 4
 (0.50357253796288293,0) (0,0) (0,0) (0.21728815927836381,0.45030333422030544)
 (0,0) (0,0) (0,0) (0,0)
 (0,0) (0,0) (0,0) (0,0)
 (0.21728815927836381,-0.45030333422030544) (0,-0) (0,-0) (0.49642746203711696,0)


# name: <cell-element>
# type: complex matrix
# rows: 4
# columns: 4
 (0.33584170021366622,0) (-0.02970847464978723,0.071179119573364397) (0.0064880301383184857,-0.049437739340567374) (0.0023928609177947405,0.070585390889292374)
 (-0.02970847464978723,-0.071179119573364397) (0.22578607087811464,0) (0.071810449396481027,-0.070352508495176685) (-0.055098241112744806,0.11138930405376245)
 (0.0064880301383184857,0.049437739340567374) (0.071810449396481027,0.070352508495176685) (0.16150074451544844,0) (0.048160378370098143,0.037352464586984498)
 (0.0023928609177947405,-0.070585390889292374) (-0.055098241112744806,-0.11138930405376245) (0.048160378370098143,-0.037352464586984498) (0.30430357796435697,0)


# name: <cell-element>
# type: complex matrix
# rows: 4
# columns: 4
 (0.34773699442867784,0) (-0.069824314682595853,0.14263753729535372) (0.061841345090940317,-0.049617102595818183) (0.012855905864421317,0.053763405617203261)
 (-0.069824314682595853,-0.14263753729535372) (0.080430881277445965,0) (-0.036340226359070464,-0.017081916375696244) (-0.031050996790021077,0.025624557007142786)
 (0.061841345090940317,0.049617102595818183) (-0.036340226359070464,0.017081916375696244) (0.02004707511947779,0) (0.0085872950923085341,-0.018172282950597047)
 (0.012855905864421317,-0.053763405617203261) (-0.031050996790021077,-0.025624557007142786) (0.0085872950923085341,0.018172282950597047) (0.55178504917439841,0)


# name: <cell-element>
# type: complex matrix
# rows: 4
# columns: 4
 (0.29811849577567473,0) (-0.0035738119217471904,0.051412944494557529) (-0.00089808999669278855,0.0028514324716504801) (0.063981848838315009,-0.069247188229898171)
 (-0.0035738119217471904,-0.051412944494557529) (0.014617844818938266,0) (0.0076939106462855884,-0.020384995925213718) (0.018101241515403432,0.014533211477423289)
 (-0.00089808999669278855,-0.0028514324716504801) (0.0076939106462855884,0.020384995925213718) (0.22229657082753454,0) (0.0012178542787132699,0.00057449168924233324)
 (0.063981848838315009,0.069247188229898171) (0.018101241515403432,-0.014533211477423289) (0.0012178542787132699,-0.00057449168924233324) (0.46496708857785213,0)


# name: <cell-element>
# type: complex matrix
# rows: 4
# columns: 4
 (0.99997977683257677,0) (0,0) (0,0) (0.0021731624011115738,0.0039370196373928181)
 (0,0) (0,0) (0,0) (0,0)
 (0,0) (0,0) (0,0) (0,0)
 (0.0021731624011115738,-0.0039370196373928181) (0,-0) (0,-0) (2.022316742332233e-05,0)


